1.884178399999999698e+01 0.000000000000000000e+00 1.706688563013698356e+01 3.687995289473684579e+01 3.952959673684210884e+01 0.000000000000000000e+00
1.057156693333333379e+02 6.812064502040816194e+01 9.741760372413793334e+01 1.134787248656716514e+02 1.104983895166666770e+02 8.371592482608696173e+01
1.509568392857142669e+02 1.046238373749999937e+02 1.209518615555555527e+02 1.510789790370370440e+02 1.505759429999999952e+02 7.222125404761905543e+01
1.634213034285714627e+02 1.667707516333333615e+02 1.778425025714285823e+02 1.487379732608696088e+02 1.400792723428571378e+02 1.234632858205128372e+02
1.818218734999999810e+02 1.262369340888888729e+02 1.426448647916666630e+02 1.541996328611110982e+02 1.425688259024390163e+02 1.046616333846153850e+02
1.642094517142857057e+02 1.359319728214285874e+02 9.412439093877549112e+01 1.521381291904761781e+02 1.613874905161290485e+02 1.025457946875000061e+02
1.939598687222222111e+02 1.115414069999999924e+02 1.284407145999999784e+02 9.841926482758620409e+01 1.001410854500000198e+02 1.901135022105263488e+02
1.029192180722891647e+00 2.390966562499999837e-01 0.000000000000000000e+00 0.000000000000000000e+00 0.000000000000000000e+00 0.000000000000000000e+00
0.000000000000000000e+00 0.000000000000000000e+00 0.000000000000000000e+00 0.000000000000000000e+00 0.000000000000000000e+00 0.000000000000000000e+00
7.072679237500000227e+01 0.000000000000000000e+00 0.000000000000000000e+00 0.000000000000000000e+00 0.000000000000000000e+00 0.000000000000000000e+00
6.916640328571426721e+01 0.000000000000000000e+00 0.000000000000000000e+00 0.000000000000000000e+00 0.000000000000000000e+00 0.000000000000000000e+00
1.814414693692307878e+02 0.000000000000000000e+00 0.000000000000000000e+00 0.000000000000000000e+00 0.000000000000000000e+00 0.000000000000000000e+00
1.260211784838709832e+02 1.153450739230769244e+02 0.000000000000000000e+00 0.000000000000000000e+00 0.000000000000000000e+00 0.000000000000000000e+00
1.810351646896552040e+02 2.037804672105263251e+02 0.000000000000000000e+00 0.000000000000000000e+00 0.000000000000000000e+00 0.000000000000000000e+00
1.886446002727272742e+02 1.399237330454545258e+02 0.000000000000000000e+00 0.000000000000000000e+00 0.000000000000000000e+00 0.000000000000000000e+00
